2012-03-11|2012028|10|15|20|21|28|30|11
2012-03-08|2012027|04|16|22|25|30|31|12
2012-03-06|2012026|03|07|09|15|24|25|16
2012-03-04|2012025|03|08|09|17|25|27|06
2012-03-01|2012024|04|12|19|21|25|28|13
2012-02-28|2012023|05|09|15|23|24|33|02
2012-02-26|2012022|04|08|12|24|26|27|04
2012-02-23|2012021|01|15|16|18|22|30|03
2012-02-21|2012020|03|08|12|18|23|29|11
2012-02-19|2012019|07|14|18|20|22|30|16
2012-02-16|2012018|03|05|06|22|26|32|15
2012-02-14|2012017|06|09|14|19|25|28|10
2012-02-12|2012016|02|05|12|17|22|25|08
2012-02-09|2012015|01|03|06|10|21|23|15
2012-02-07|2012014|01|02|05|16|28|30|12
2012-02-05|2012013|06|08|24|29|30|32|13
2012-02-02|2012012|15|17|18|20|23|27|01
2012-01-31|2012011|04|14|15|16|20|26|05
2012-01-29|2012010|01|03|13|19|25|26|10
2012-01-19|2012009|04|16|24|26|27|33|11
2012-01-17|2012008|01|12|20|23|24|29|08
2012-01-15|2012007|10|17|19|27|28|32|04
2012-01-12|2012006|02|22|25|29|32|33|08
2012-01-10|2012005|07|09|18|27|31|33|06
2012-01-08|2012004|01|05|10|11|21|23|16
2012-01-05|2012003|03|06|08|24|29|31|09
2012-01-03|2012002|02|03|07|09|10|32|13
2012-01-01|2012001|01|04|05|09|15|17|06
2011-12-29|2011153|05|08|09|10|20|25|13
2011-12-27|2011152|04|10|11|12|21|26|13
2011-12-25|2011151|07|11|16|19|31|33|10
2011-12-22|2011150|08|10|12|15|22|27|13
2011-12-20|2011149|04|05|06|07|23|31|16
2011-12-18|2011148|05|14|22|23|25|26|14
2011-12-15|2011147|04|08|12|17|18|30|10
2011-12-13|2011146|11|23|26|28|32|33|10
2011-12-11|2011145|02|04|14|15|26|30|04
2011-12-08|2011144|01|02|09|10|16|24|03
2011-12-06|2011143|07|08|12|14|15|30|16
2011-12-04|2011142|12|15|16|26|29|31|02
2011-12-01|2011141|02|04|06|19|24|29|11
2011-11-29|2011140|04|18|20|22|27|29|06
2011-11-27|2011139|08|20|24|27|30|31|03
2011-11-24|2011138|01|05|15|24|28|32|07
2011-11-22|2011137|02|11|18|23|30|33|13
2011-11-20|2011136|02|04|06|20|22|31|07
2011-11-17|2011135|12|13|17|20|25|26|12
2011-11-15|2011134|01|02|06|07|30|31|10
2011-11-13|2011133|12|14|20|21|25|31|16
2011-11-10|2011132|02|05|12|13|25|33|07
2011-11-08|2011131|02|07|09|17|21|25|01
2011-11-06|2011130|07|14|18|23|25|32|15
2011-11-03|2011129|07|10|11|21|23|26|06
2011-11-01|2011128|09|11|14|17|19|23|12
2011-10-30|2011127|16|19|22|23|27|29|11
2011-10-27|2011126|03|07|13|18|23|26|16
2011-10-25|2011125|03|10|15|24|27|32|08
2011-10-23|2011124|09|18|19|26|31|32|16
2011-10-20|2011123|01|04|05|14|19|28|16
2011-10-18|2011122|10|12|18|26|27|31|03
2011-10-16|2011121|04|14|22|25|32|33|02
2011-10-13|2011120|04|14|17|28|30|33|07
2011-10-11|2011119|09|12|14|19|28|32|01
2011-10-09|2011118|05|06|11|14|20|21|10
2011-10-06|2011117|08|10|19|26|28|30|04
2011-10-04|2011116|01|07|11|12|17|27|05
2011-10-02|2011115|07|08|09|12|17|33|16
2011-09-29|2011114|01|14|15|16|30|32|09
2011-09-27|2011113|06|10|11|25|32|33|05
2011-09-25|2011112|03|05|16|18|23|24|15
2011-09-22|2011111|01|03|05|20|25|27|04
2011-09-20|2011110|12|14|21|26|28|33|12
2011-09-18|2011109|01|03|09|15|16|33|15
2011-09-15|2011108|02|17|22|26|29|33|10
2011-09-13|2011107|04|09|16|17|22|29|15
2011-09-11|2011106|02|11|12|14|24|32|14
2011-09-08|2011105|04|06|23|25|27|28|01
2011-09-06|2011104|09|10|16|20|25|29|09
2011-09-04|2011103|04|05|10|13|15|16|12
2011-09-01|2011102|01|05|13|21|27|31|11
2011-08-30|2011101|06|10|19|23|29|31|06
2011-08-28|2011100|07|11|21|23|31|32|05
2011-08-25|2011099|10|12|13|21|26|27|14
2011-08-23|2011098|03|07|20|21|22|32|05
2011-08-21|2011097|09|17|19|20|21|26|16
2011-08-18|2011096|01|04|07|13|14|19|15
2011-08-16|2011095|03|07|08|10|23|24|05
2011-08-14|2011094|09|11|12|17|18|19|05
2011-08-11|2011093|04|07|11|13|23|30|09
2011-08-09|2011092|05|10|17|26|31|32|04
2011-08-07|2011091|09|15|21|23|28|30|03
2011-08-04|2011090|02|05|14|18|21|25|16
2011-08-02|2011089|01|02|11|24|29|30|12
2011-07-31|2011088|03|09|17|20|21|29|04
2011-07-28|2011087|02|03|04|05|18|28|01
2011-07-26|2011086|06|07|09|12|17|24|09
2011-07-24|2011085|03|06|11|21|24|31|10
2011-07-21|2011084|09|10|12|16|18|32|15
2011-07-19|2011083|07|16|18|24|28|29|06
2011-07-17|2011082|07|16|17|20|25|26|04
2011-07-14|2011081|06|14|19|23|25|32|12
2011-07-12|2011080|02|07|09|25|31|32|09
2011-07-10|2011079|03|14|15|16|24|29|05
2011-07-07|2011078|03|05|13|20|22|29|09
2011-07-05|2011077|01|07|08|15|26|29|10
2011-07-03|2011076|06|19|21|26|32|33|13
2011-06-30|2011075|07|09|10|12|31|32|13
2011-06-28|2011074|02|21|26|28|29|32|01
2011-06-26|2011073|03|04|05|12|17|21|14
2011-06-23|2011072|01|06|10|11|18|27|12
2011-06-21|2011071|01|02|15|22|28|30|02
2011-06-19|2011070|01|03|05|12|21|28|12
2011-06-16|2011069|02|13|16|18|24|30|12
2011-06-14|2011068|03|07|10|15|19|24|10
2011-06-12|2011067|17|19|20|24|25|27|12
2011-06-09|2011066|04|06|14|17|30|32|12
2011-06-07|2011065|04|16|23|25|27|29|03
2011-06-05|2011064|03|06|07|29|30|33|02
2011-06-02|2011063|04|06|13|15|18|19|05
2011-05-31|2011062|04|08|09|10|29|30|03
2011-05-29|2011061|02|03|08|13|19|21|03
2011-05-26|2011060|10|11|13|21|27|31|01
2011-05-24|2011059|24|26|27|29|31|33|16
2011-05-22|2011058|07|18|22|30|32|33|06
2011-05-19|2011057|04|06|20|21|26|33|02
2011-05-17|2011056|13|16|19|20|23|25|10
2011-05-15|2011055|08|13|16|17|29|32|16
2011-05-12|2011054|08|11|16|17|22|33|08
2011-05-10|2011053|03|06|10|12|22|30|15
2011-05-08|2011052|04|05|08|19|27|28|08
2011-05-05|2011051|01|07|11|14|15|16|14
2011-05-03|2011050|04|05|19|22|28|29|15
2011-05-01|2011049|01|11|17|18|27|31|14
2011-04-28|2011048|10|14|18|25|26|27|15
2011-04-26|2011047|04|13|23|25|27|33|14
2011-04-24|2011046|09|17|18|26|29|30|08
2011-04-21|2011045|02|16|17|20|26|32|08
2011-04-19|2011044|03|14|16|26|27|31|09
2011-04-17|2011043|04|13|14|17|25|31|04
2011-04-14|2011042|05|13|15|17|19|21|15
2011-04-12|2011041|04|10|12|13|30|32|13
2011-04-10|2011040|05|11|14|24|26|28|13
2011-04-07|2011039|03|07|10|16|24|29|13
2011-04-05|2011038|02|14|15|19|23|24|12
2011-04-03|2011037|01|03|04|06|17|25|11
2011-03-31|2011036|02|11|20|22|24|31|05
2011-03-29|2011035|13|14|18|20|27|31|02
2011-03-27|2011034|13|14|17|19|24|31|08
2011-03-24|2011033|02|08|12|13|19|29|04
2011-03-22|2011032|03|05|07|13|14|15|15
2011-03-20|2011031|16|17|24|28|29|32|12
2011-03-17|2011030|02|09|19|24|25|33|10
2011-03-15|2011029|01|04|09|10|20|31|07
2011-03-13|2011028|01|04|05|14|16|17|01
2011-03-10|2011027|13|18|21|22|25|26|01
2011-03-08|2011026|07|08|17|19|21|26|12
2011-03-06|2011025|08|25|26|31|32|33|09
2011-03-03|2011024|05|07|10|19|26|31|14
2011-03-01|2011023|02|03|06|21|22|25|05
2011-02-27|2011022|02|07|14|16|17|21|05
2011-02-24|2011021|01|02|14|18|25|31|08
2011-02-22|2011020|12|16|17|19|24|30|05
2011-02-20|2011019|02|04|12|19|32|33|16
2011-02-17|2011018|13|15|18|28|30|33|01
2011-02-15|2011017|02|06|15|23|26|33|08
2011-02-13|2011016|03|04|16|17|22|29|13
2011-02-10|2011015|03|06|13|26|27|29|07
2011-02-01|2011014|05|07|10|11|23|26|16
2011-01-30|2011013|01|03|13|16|21|22|08
2011-01-27|2011012|07|08|11|13|15|26|13
2011-01-25|2011011|01|12|18|19|21|24|10
2011-01-23|2011010|01|04|05|09|15|19|13
2011-01-20|2011009|17|18|23|24|25|26|04
2011-01-18|2011008|10|12|13|17|24|31|15
2011-01-16|2011007|01|09|17|24|26|31|05
2011-01-13|2011006|01|03|05|13|16|18|05
2011-01-11|2011005|06|09|12|14|20|22|13
2011-01-09|2011004|04|06|08|10|13|26|05
2011-01-06|2011003|13|14|21|22|23|27|04
2011-01-04|2011002|06|08|12|17|28|33|05
2011-01-02|2011001|03|09|20|24|26|32|10
2010-12-30|2010153|03|06|12|19|30|31|13
2010-12-28|2010152|04|09|17|21|25|31|01
2010-12-26|2010151|02|13|14|17|19|26|14
2010-12-23|2010150|02|17|18|23|29|30|06
2010-12-21|2010149|02|07|08|16|25|30|09
2010-12-19|2010148|01|03|07|18|23|27|12
2010-12-16|2010147|02|08|15|18|24|30|03
2010-12-14|2010146|01|17|18|22|25|32|01
2010-12-12|2010145|03|21|24|27|28|31|08
2010-12-09|2010144|02|03|08|15|19|21|11
2010-12-07|2010143|09|16|18|26|30|31|14
2010-12-05|2010142|02|16|18|23|26|27|10
2010-12-02|2010141|02|03|07|18|23|27|06
2010-11-30|2010140|01|12|13|18|26|29|15
2010-11-28|2010139|11|13|18|20|26|31|09
2010-11-25|2010138|01|21|23|24|26|30|05
2010-11-23|2010137|07|09|10|13|19|33|06
2010-11-21|2010136|04|10|23|24|26|33|10
2010-11-18|2010135|04|10|13|25|26|30|10
2010-11-16|2010134|09|15|16|22|27|28|06
2010-11-14|2010133|03|09|17|21|26|32|01
2010-11-11|2010132|02|10|12|18|24|33|15
2010-11-09|2010131|05|06|15|16|19|26|06
2010-11-07|2010130|01|02|07|15|21|31|16
2010-11-04|2010129|04|08|14|25|28|32|16
2010-11-02|2010128|04|11|19|20|24|28|12
2010-10-31|2010127|01|04|08|17|25|33|01
2010-10-28|2010126|03|13|18|20|27|28|05
2010-10-26|2010125|06|07|13|23|28|29|09
2010-10-24|2010124|02|06|08|11|12|25|02
2010-10-21|2010123|06|12|15|18|29|32|10
2010-10-19|2010122|02|09|12|16|25|27|06
2010-10-17|2010121|08|11|13|18|25|30|15
2010-10-14|2010120|01|02|05|06|10|29|16
2010-10-12|2010119|07|17|25|27|30|31|09
2010-10-10|2010118|05|08|11|13|15|25|05
2010-10-07|2010117|01|08|20|22|24|28|01
2010-10-05|2010116|05|09|10|20|22|26|07
2010-10-03|2010115|01|22|24|25|29|33|15
2010-09-30|2010114|01|08|11|15|17|25|01
2010-09-28|2010113|05|10|15|18|20|28|10
2010-09-26|2010112|01|08|18|24|29|30|16
2010-09-23|2010111|04|07|08|13|17|18|10
2010-09-21|2010110|01|03|12|24|26|27|01
2010-09-19|2010109|04|15|18|25|29|32|15
2010-09-16|2010108|02|04|08|20|23|24|07
2010-09-14|2010107|08|12|15|17|22|33|16
2010-09-12|2010106|02|06|08|15|26|29|16
2010-09-09|2010105|01|08|09|19|21|31|11
2010-09-07|2010104|07|17|23|24|27|32|02
2010-09-05|2010103|06|09|14|17|20|33|09
2010-09-02|2010102|04|11|16|20|22|29|10
2010-08-31|2010101|04|09|18|21|25|26|06
2010-08-29|2010100|01|06|12|22|23|26|08
2010-08-26|2010099|03|04|17|24|27|30|06
2010-08-24|2010098|01|03|08|16|29|33|07
2010-08-22|2010097|10|16|18|21|24|26|01
2010-08-19|2010096|07|12|21|23|24|28|03
2010-08-17|2010095|09|11|16|17|25|27|14
2010-08-15|2010094|03|05|07|27|31|32|10
2010-08-12|2010093|09|10|19|28|32|33|06
2010-08-10|2010092|03|13|19|27|28|30|02
2010-08-08|2010091|06|13|16|20|22|24|16
2010-08-05|2010090|01|06|10|15|25|31|14
2010-08-03|2010089|07|08|09|16|23|26|01
2010-08-01|2010088|05|06|15|23|27|30|12
2010-07-29|2010087|01|08|16|17|25|30|10
2010-07-27|2010086|05|21|28|29|30|31|08
2010-07-25|2010085|01|08|12|13|24|27|08
2010-07-22|2010084|02|10|14|18|20|30|03
2010-07-20|2010083|02|20|21|22|23|31|12
2010-07-18|2010082|01|08|13|14|27|31|02
2010-07-15|2010081|02|03|09|24|26|27|05
2010-07-13|2010080|08|10|13|14|16|23|16
2010-07-11|2010079|08|11|12|14|18|22|02
2010-07-08|2010078|01|03|09|11|17|23|12
2010-07-06|2010077|02|08|14|20|21|24|09
2010-07-04|2010076|01|12|14|29|31|32|15
2010-07-01|2010075|05|09|12|13|15|22|14
2010-06-29|2010074|02|10|17|18|19|29|15
2010-06-27|2010073|01|16|20|23|27|31|02
2010-06-24|2010072|06|08|22|23|30|31|01
2010-06-22|2010071|05|13|14|17|20|26|01
2010-06-20|2010070|08|13|23|27|31|33|07
2010-06-17|2010069|12|14|20|22|24|32|11
2010-06-15|2010068|03|13|18|20|23|28|13
2010-06-13|2010067|01|07|10|14|21|25|01
2010-06-10|2010066|01|03|21|22|31|32|07
2010-06-08|2010065|02|07|08|17|30|32|12
2010-06-06|2010064|08|14|25|26|30|31|11
2010-06-03|2010063|02|06|10|17|23|24|03
2010-06-01|2010062|11|13|15|20|31|33|03
2010-05-30|2010061|02|04|16|19|22|26|12
2010-05-27|2010060|01|08|15|18|22|27|09
2010-05-25|2010059|01|09|11|12|18|30|10
2010-05-23|2010058|01|04|11|17|19|29|12
2010-05-20|2010057|05|11|12|19|25|32|05
2010-05-18|2010056|01|02|03|08|13|32|07
2010-05-16|2010055|02|03|13|19|20|23|08
2010-05-13|2010054|01|06|08|12|14|25|06
2010-05-11|2010053|03|22|24|27|28|30|14
2010-05-09|2010052|01|02|19|23|27|29|10
2010-05-06|2010051|04|17|23|27|28|32|03
2010-05-04|2010050|07|21|22|26|28|30|11
2010-05-02|2010049|01|06|10|26|27|28|02
2010-04-29|2010048|01|06|08|10|23|33|02
2010-04-27|2010047|03|10|13|20|21|32|15
2010-04-25|2010046|11|12|21|23|27|32|05
2010-04-22|2010045|02|03|04|13|20|29|01
2010-04-20|2010044|03|09|21|23|27|31|05
2010-04-18|2010043|04|10|19|22|28|33|04
2010-04-15|2010042|03|06|11|20|31|32|10
2010-04-13|2010041|03|05|13|19|25|29|12
2010-04-11|2010040|12|19|24|25|30|32|11
2010-04-08|2010039|08|17|21|23|25|32|12
2010-04-06|2010038|01|06|07|11|13|16|01
2010-04-04|2010037|03|16|19|21|24|26|06
2010-04-01|2010036|06|13|14|28|29|30|08
2010-03-30|2010035|09|10|11|18|19|21|10
2010-03-28|2010034|06|11|13|22|25|32|12
2010-03-25|2010033|08|10|11|12|25|29|09
2010-03-23|2010032|08|18|21|28|29|33|08
2010-03-21|2010031|05|07|13|24|25|28|04
2010-03-18|2010030|03|06|10|16|25|31|05
2010-03-16|2010029|01|05|14|16|17|22|03
2010-03-14|2010028|01|03|06|12|16|32|12
2010-03-11|2010027|03|04|15|25|26|30|13
2010-03-09|2010026|02|04|05|08|19|22|12
2010-03-07|2010025|04|05|07|10|13|25|11
2010-03-04|2010024|07|16|26|27|29|31|14
2010-03-02|2010023|02|09|11|22|24|27|11
2010-02-28|2010022|01|02|18|29|31|32|02
2010-02-25|2010021|02|09|16|17|19|25|04
2010-02-23|2010020|05|06|14|22|24|26|09
2010-02-21|2010019|02|10|22|24|26|27|06
2010-02-11|2010018|11|28|29|30|32|33|02
2010-02-09|2010017|01|03|06|11|12|23|11
2010-02-07|2010016|02|08|10|12|30|33|16
2010-02-04|2010015|01|04|16|21|23|28|06
2010-02-02|2010014|01|03|07|14|26|28|02
2010-01-31|2010013|01|02|03|16|18|23|12
2010-01-28|2010012|02|08|13|14|25|33|10
2010-01-26|2010011|07|08|14|22|24|30|07
2010-01-24|2010010|07|08|12|15|22|26|08
2010-01-21|2010009|01|09|13|21|24|32|06
2010-01-19|2010008|05|07|13|15|18|30|14
2010-01-17|2010007|14|22|27|28|30|33|14
2010-01-14|2010006|03|05|07|13|14|18|05
2010-01-12|2010005|03|05|06|08|17|18|14
2010-01-10|2010004|01|12|13|16|23|28|07
2010-01-07|2010003|14|22|26|27|28|31|04
2010-01-05|2010002|03|06|07|23|30|33|13
2010-01-03|2010001|07|17|18|27|29|32|13
2009-12-31|2009154|01|07|12|14|18|25|16
2009-12-29|2009153|06|07|08|20|21|25|10
2009-12-27|2009152|03|04|19|21|27|28|05
2009-12-24|2009151|06|08|10|16|25|30|14
2009-12-22|2009150|04|06|07|16|19|20|04
2009-12-20|2009149|01|03|16|18|22|29|04
2009-12-17|2009148|06|12|15|22|29|32|10
2009-12-15|2009147|06|08|10|18|22|32|16
2009-12-13|2009146|03|09|16|20|22|33|15
2009-12-10|2009145|03|05|11|15|26|33|11
2009-12-08|2009144|01|05|10|17|18|29|12
2009-12-06|2009143|05|09|11|17|23|28|10
2009-12-03|2009142|07|11|15|19|20|24|13
2009-12-01|2009141|02|13|21|28|29|31|09
2009-11-29|2009140|04|05|11|18|22|33|12
2009-11-26|2009139|01|05|15|17|27|29|02
2009-11-24|2009138|04|07|14|26|32|33|14
2009-11-22|2009137|08|12|14|15|17|21|01
2009-11-19|2009136|01|04|14|22|30|33|01
2009-11-17|2009135|01|03|14|19|30|33|16
2009-11-15|2009134|03|05|12|15|28|33|06
2009-11-12|2009133|05|09|13|18|20|32|01
2009-11-10|2009132|04|14|15|21|23|30|07
2009-11-08|2009131|16|23|25|26|32|33|05
2009-11-05|2009130|02|03|07|12|13|30|11
2009-11-03|2009129|06|07|16|17|24|25|07
2009-11-01|2009128|05|08|15|16|26|32|01
2009-10-29|2009127|02|11|12|14|15|16|04
2009-10-27|2009126|03|05|06|10|19|23|15
2009-10-25|2009125|06|07|08|22|26|27|12
2009-10-22|2009124|03|04|22|23|28|30|10
2009-10-20|2009123|09|13|20|22|25|28|14
2009-10-18|2009122|07|14|16|27|29|32|01
2009-10-15|2009121|02|04|06|10|25|30|09
2009-10-13|2009120|01|02|08|12|16|30|16
2009-10-11|2009119|06|07|10|12|15|21|05
2009-10-08|2009118|12|16|25|26|27|31|05
2009-10-06|2009117|05|09|15|21|26|31|13
2009-10-04|2009116|05|17|21|25|27|32|14
2009-10-01|2009115|02|09|13|15|19|24|03
2009-09-29|2009114|03|05|11|12|31|32|11
2009-09-27|2009113|04|12|20|25|28|29|16
2009-09-24|2009112|06|07|18|24|30|32|09
2009-09-22|2009111|02|04|07|14|15|25|15
2009-09-20|2009110|04|10|13|15|19|30|14
2009-09-17|2009109|05|06|07|14|25|28|01
2009-09-15|2009108|04|10|17|28|32|33|02
2009-09-13|2009107|07|08|20|23|28|29|05
2009-09-10|2009106|01|02|15|18|20|29|04
2009-09-08|2009105|02|08|10|16|27|30|15
2009-09-06|2009104|20|22|26|29|30|32|16
2009-09-03|2009103|06|11|17|20|23|24|09
2009-09-01|2009102|03|05|07|08|14|31|10
2009-08-30|2009101|01|02|05|10|19|24|14
2009-08-27|2009100|02|11|17|27|30|33|11
2009-08-25|2009099|08|09|18|20|25|29|09
2009-08-23|2009098|03|14|15|20|23|30|02
2009-08-20|2009097|07|13|24|26|28|32|14
2009-08-18|2009096|01|26|27|31|32|33|03
2009-08-16|2009095|08|09|14|28|31|33|15
2009-08-13|2009094|03|16|22|25|26|33|14
2009-08-11|2009093|01|11|20|31|32|33|01
2009-08-09|2009092|02|06|07|14|18|31|08
2009-08-06|2009091|03|08|11|14|25|29|04
2009-08-04|2009090|07|09|14|20|23|30|14
2009-08-02|2009089|02|03|07|11|19|32|04
2009-07-30|2009088|04|07|11|15|16|17|02
2009-07-28|2009087|06|11|13|20|28|32|06
2009-07-26|2009086|11|12|13|18|23|32|11
2009-07-23|2009085|04|08|12|17|20|30|03
2009-07-21|2009084|04|09|11|20|32|33|13
2009-07-19|2009083|02|08|12|18|24|28|04
2009-07-16|2009082|11|15|18|21|27|29|02
2009-07-14|2009081|04|05|06|25|29|30|03
2009-07-12|2009080|01|11|13|25|32|33|06
2009-07-09|2009079|02|09|16|21|30|31|13
2009-07-07|2009078|05|07|12|14|15|20|13
2009-07-05|2009077|01|09|14|16|28|32|16
2009-07-02|2009076|09|18|19|25|28|31|06
2009-06-30|2009075|01|13|15|17|20|30|05
2009-06-28|2009074|05|10|16|19|23|28|13
2009-06-25|2009073|09|16|17|18|22|27|14
2009-06-23|2009072|01|03|12|20|21|29|04
2009-06-21|2009071|04|05|23|26|31|32|06
2009-06-18|2009070|01|02|09|10|21|31|10
2009-06-16|2009069|03|05|12|18|21|23|02
2009-06-14|2009068|06|11|18|20|25|30|05
2009-06-11|2009067|04|10|16|23|28|30|05
2009-06-09|2009066|02|15|19|24|31|32|04
2009-06-07|2009065|08|12|20|22|30|33|02
2009-06-04|2009064|01|02|14|23|28|29|15
2009-06-02|2009063|02|05|11|26|30|32|16
2009-05-31|2009062|10|19|20|21|23|32|10
2009-05-28|2009061|10|11|13|16|19|30|03
2009-05-26|2009060|07|13|17|26|32|33|04
2009-05-24|2009059|03|07|13|23|27|30|11
2009-05-21|2009058|05|08|10|15|23|26|09
2009-05-19|2009057|05|07|10|14|17|25|11
2009-05-17|2009056|04|09|10|18|29|32|08
2009-05-14|2009055|03|04|18|22|24|29|11
2009-05-12|2009054|16|17|23|26|31|32|11
2009-05-10|2009053|07|12|18|19|22|28|04
2009-05-07|2009052|09|11|15|19|21|30|08
2009-05-05|2009051|06|10|13|16|21|23|07
2009-05-03|2009050|13|21|24|29|30|32|04
2009-04-30|2009049|09|12|14|20|30|31|06
2009-04-28|2009048|03|07|11|15|17|31|01
2009-04-26|2009047|06|08|11|15|21|22|16
2009-04-23|2009046|16|20|21|26|29|30|09
2009-04-21|2009045|03|04|06|23|30|32|01
2009-04-19|2009044|11|14|16|18|26|30|01
2009-04-16|2009043|04|09|10|15|18|26|07
2009-04-14|2009042|08|16|22|23|27|30|11
2009-04-12|2009041|01|08|23|26|28|33|08
2009-04-09|2009040|04|07|10|20|26|30|12
2009-04-07|2009039|05|12|14|15|21|27|03
2009-04-05|2009038|12|13|15|23|28|32|05
2009-04-02|2009037|02|06|15|18|20|31|03
2009-03-31|2009036|06|09|18|23|32|33|07
2009-03-29|2009035|06|15|21|26|29|31|05
2009-03-26|2009034|09|12|18|21|22|26|07
2009-03-24|2009033|07|08|13|14|29|30|06
2009-03-22|2009032|09|11|12|19|27|32|06
2009-03-19|2009031|01|02|03|15|30|33|01
2009-03-17|2009030|08|14|24|26|28|32|07
2009-03-15|2009029|12|13|15|22|23|29|13
2009-03-12|2009028|03|06|12|15|23|26|10
2009-03-10|2009027|02|07|11|16|27|32|06
2009-03-08|2009026|11|15|17|18|20|30|16
2009-03-05|2009025|10|20|22|23|26|33|11
2009-03-03|2009024|01|03|17|23|30|33|12
2009-03-01|2009023|01|06|07|15|24|30|08
2009-02-26|2009022|05|08|09|10|11|18|08
2009-02-24|2009021|01|04|05|17|24|27|09
2009-02-22|2009020|03|05|07|10|19|23|13
2009-02-19|2009019|06|17|19|20|26|27|04
2009-02-17|2009018|02|05|06|19|27|30|15
2009-02-15|2009017|06|14|15|19|25|26|08
2009-02-12|2009016|02|07|13|16|20|33|03
2009-02-10|2009015|02|04|06|15|17|32|05
2009-02-08|2009014|03|06|09|14|15|18|02
2009-02-05|2009013|04|08|09|21|26|27|09
2009-02-03|2009012|05|11|14|17|18|28|01
2009-02-01|2009011|02|04|13|14|18|23|15
2009-01-22|2009010|03|10|17|19|20|24|02
2009-01-20|2009009|08|15|21|30|31|33|02
2009-01-18|2009008|04|15|16|22|32|33|02
2009-01-15|2009007|01|05|12|23|25|26|15
2009-01-13|2009006|06|12|18|20|26|33|02
2009-01-11|2009005|01|03|08|15|17|21|13
2009-01-08|2009004|03|11|13|17|28|31|03
2009-01-06|2009003|02|03|06|15|25|30|02
2009-01-04|2009002|10|14|17|25|29|33|14
2009-01-01|2009001|04|21|23|24|30|31|04
2008-12-30|2008154|02|05|07|21|22|26|08
2008-12-28|2008153|01|04|18|21|24|30|16
2008-12-25|2008152|01|04|06|22|26|30|08
2008-12-23|2008151|06|08|10|14|17|19|06
2008-12-21|2008150|04|19|22|24|29|32|02
2008-12-18|2008149|10|14|22|28|29|33|02
2008-12-16|2008148|03|05|09|22|26|28|09
2008-12-14|2008147|07|08|14|22|26|33|02
2008-12-11|2008146|07|08|17|19|31|32|10
2008-12-09|2008145|07|13|18|22|26|29|02
2008-12-07|2008144|02|05|10|27|29|33|15
2008-12-04|2008143|12|17|18|19|26|27|06
2008-12-02|2008142|05|06|10|13|17|28|15
2008-11-30|2008141|03|13|20|25|29|33|15
2008-11-27|2008140|07|14|16|29|30|31|14
2008-11-25|2008139|08|09|19|23|25|26|07
2008-11-23|2008138|07|14|19|23|25|32|04
2008-11-20|2008137|01|04|24|28|29|33|09
2008-11-18|2008136|05|09|10|12|18|28|02
2008-11-16|2008135|05|14|15|16|19|21|15
2008-11-13|2008134|10|15|19|20|28|32|02
2008-11-11|2008133|08|11|16|19|24|26|11
2008-11-09|2008132|09|13|16|25|27|33|08
2008-11-06|2008131|02|12|15|18|22|32|08
2008-11-04|2008130|01|12|18|28|30|32|06
2008-11-02|2008129|01|03|18|24|25|32|15
2008-10-30|2008128|01|05|19|20|27|33|05
2008-10-28|2008127|05|08|19|22|27|30|13
2008-10-26|2008126|04|11|12|14|20|30|13
2008-10-23|2008125|10|11|12|15|26|29|09
2008-10-21|2008124|01|07|10|13|21|22|03
2008-10-19|2008123|10|11|15|16|25|29|02
